/Users/jiarongj/PycharmProjects/pythonleet/venv/bin/python "/Users/jiarongj/PycharmProjects/log_files/1_Forecasting_OLS_model fit.py"
[[ 0.00000000e+00  0.00000000e+00  2.50000000e+01]
 [ 4.08163265e-01  3.96924149e-01  2.10849646e+01]
 [ 8.16326531e-01  7.28634783e-01  1.75031237e+01]
 [ 1.22448980e+00  9.40632785e-01  1.42544773e+01]
 [ 1.63265306e+00  9.98087482e-01  1.13390254e+01]
 [ 2.04081633e+00  8.91559230e-01  8.75676801e+00]
 [ 2.44897959e+00  6.38550320e-01  6.50770512e+00]
 [ 2.85714286e+00  2.80629400e-01  4.59183673e+00]
 [ 3.26530612e+00 -1.23398137e-01  3.00916285e+00]
 [ 3.67346939e+00 -5.07151709e-01  1.75968347e+00]
 [ 4.08163265e+00 -8.07581691e-01  8.43398584e-01]
 [ 4.48979592e+00 -9.75328286e-01  2.60308205e-01]
 [ 4.89795918e+00 -9.82831204e-01  1.04123282e-02]
 [ 5.30612245e+00 -8.28857736e-01  9.37109538e-02]
 [ 5.71428571e+00 -5.38705288e-01  5.10204082e-01]
 [ 6.12244898e+00 -1.60045086e-01  1.25989171e+00]
 [ 6.53061224e+00  2.44910071e-01  2.34277384e+00]
 [ 6.93877551e+00  6.09627196e-01  3.75885048e+00]
 [ 7.34693878e+00  8.74184299e-01  5.50812162e+00]
 [ 7.75510204e+00  9.95115395e-01  7.59058726e+00]
 [ 8.16326531e+00  9.52551848e-01  1.00062474e+01]
 [ 8.57142857e+00  7.53486727e-01  1.27551020e+01]
 [ 8.97959184e+00  4.30625870e-01  1.58371512e+01]
 [ 9.38775510e+00  3.70144015e-02  1.92523948e+01]
 [ 9.79591837e+00 -3.62678429e-01  2.30008330e+01]
 [ 1.02040816e+01 -7.02784220e-01  2.70824656e+01]
 [ 1.06122449e+01 -9.27424552e-01  3.14972928e+01]
 [ 1.10204082e+01 -9.99691655e-01  3.62453145e+01]
 [ 1.14285714e+01 -9.07712248e-01  4.13265306e+01]
 [ 1.18367347e+01 -6.66598288e-01  4.67409413e+01]
 [ 1.22448980e+01 -3.15964115e-01  5.24885464e+01]
 [ 1.26530612e+01  8.65820672e-02  5.85693461e+01]
 [ 1.30612245e+01  4.74903061e-01  6.49833403e+01]
 [ 1.34693878e+01  7.85198826e-01  7.17305289e+01]
 [ 1.38775510e+01  9.66488646e-01  7.88109121e+01]
 [ 1.42857143e+01  9.88987117e-01  8.62244898e+01]
 [ 1.46938776e+01  8.48997803e-01  9.39712620e+01]
 [ 1.51020408e+01  5.69520553e-01  1.02051229e+02]
 [ 1.55102041e+01  1.96472687e-01  1.10464390e+02]
 [ 1.59183673e+01 -2.08855085e-01  1.19210746e+02]
 [ 1.63265306e+01 -5.79868557e-01  1.28290296e+02]
 [ 1.67346939e+01 -8.55611267e-01  1.37703040e+02]
 [ 1.71428571e+01 -9.90779466e-01  1.47448980e+02]
 [ 1.75510204e+01 -9.63165404e-01  1.57528113e+02]
 [ 1.79591837e+01 -7.77305991e-01  1.67940441e+02]
 [ 1.83673469e+01 -4.63737404e-01  1.78685964e+02]
 [ 1.87755102e+01 -7.39780734e-02  1.89764681e+02]
 [ 1.91836735e+01  3.27935645e-01  2.01176593e+02]
 [ 1.95918367e+01  6.75970465e-01  2.12921699e+02]
 [ 2.00000000e+01  9.12945251e-01  2.25000000e+02]]
 
[ 4.12984376  5.27108935  5.283319    5.77762318  6.02483385  5.95639936
  6.94467106  6.48388864  6.14866804  7.00087501  6.73267285  6.77229383
  7.20509115  7.34663153  7.26900202  7.90536603  8.25985178  8.61071503
  9.19176133  8.71117593  9.75096205  9.40655918  9.36616026  9.63676824
  9.01938844  9.19853994  8.99387486  9.20431933  9.75805874  9.73194784
  9.85043641 10.41119517 10.90422136 10.59421563 11.26131076 11.04634518
 11.19524287 10.80792117 10.50464911 10.31900125 10.32318923 10.21028426
 10.4931433  10.62827413 10.57291065 10.54312667 11.07141681 10.63270015
 10.863203   11.63210869]
 
                            OLS Regression Results                            
==============================================================================
Dep. Variable:                      y   R-squared:                       0.983
Model:                            OLS   Adj. R-squared:                  0.982
Method:                 Least Squares   F-statistic:                     912.9
Date:                Sat, 09 Feb 2019   Prob (F-statistic):           5.63e-41
Time:                        16:15:00   Log-Likelihood:                -1.2383
No. Observations:                  50   AIC:                             10.48
Df Residuals:                      46   BIC:                             18.12
Df Model:                           3                                         
Covariance Type:            nonrobust                                         
==============================================================================
                 coef    std err          t      P>|t|      [0.025      0.975]
------------------------------------------------------------------------------
const          4.9727      0.088     56.418      0.000       4.795       5.150
x1             0.5039      0.014     37.068      0.000       0.477       0.531
x2             0.4956      0.053      9.273      0.000       0.388       0.603
x3            -0.0189      0.001    -15.876      0.000      -0.021      -0.017
==============================================================================
Omnibus:                        2.277   Durbin-Watson:                   2.393
Prob(Omnibus):                  0.320   Jarque-Bera (JB):                1.457
Skew:                           0.143   Prob(JB):                        0.483
Kurtosis:                       2.215   Cond. No.                         221.
==============================================================================

Warnings:
[1] Standard Errors assume that the covariance matrix of the errors is correctly specified.
[ 4.49901326  4.97555906  5.41347474  5.78575317  6.07513395  6.27693926
  6.39984238  6.46444272  6.4998814   6.53905341  6.61320311  6.74679083
  6.9534741   7.2338638   7.57542377  7.95453043  8.34035415  8.69992439
  9.00354671  9.22968147  9.36848273  9.42341592  9.41068848  9.356587
  9.29315843  9.25294485  9.26363692  9.34352434  9.49849092  9.72104792
  9.99156439 10.28149247 10.55805779 10.78964412 10.95098788 11.02732887
 11.01683532 10.93090483 10.79229182 10.63136898 10.4811372  10.37180354
 10.32581835 10.35418673 10.45466039 10.61210708 10.80099676 10.98959611
 11.14518223 11.23941891]
Parameters: [ 4.97271985  0.50388234  0.49555164 -0.01894826]
R2: 0.9834815545039511

[11.24396818 11.11809964 10.88124693 10.57769692 10.2657467  10.0034304
  9.83431049  9.77681206  9.8197118   9.92488583]
  
Intercept           4.972720
x1                  0.503882
np.sin(x1)          0.495552
I((x1 - 5) ** 2)   -0.018948
dtype: float64

0    11.243968
1    11.118100
2    10.881247
3    10.577697
4    10.265747
5    10.003430
6     9.834310
7     9.776812
8     9.819712
9     9.924886
dtype: float64

Process finished with exit code 0
